[result]
best_epoch=250
best_validation=0.4384700000000001
complete=1
cost_multiply_add=237660
epoch=300
max_epoch=300
schedule=0
training=0.5921110000000002
validation=0.539799
[statistics]
Output=7697
CostParameter=1002
CostAdd=4844
CostMultiply=0
CostMultiplyAdd=237660
CostDivision=2
CostExp=2
CostIf=4250
