[result]
best_epoch=230
best_validation=0.672801
complete=1
cost_multiply_add=182
epoch=300
max_epoch=300
schedule=0
structure_expectation_of_log_myu=-0.7635356749813048
structure_expectation_of_log_sigma=0.02134676694323375
training=0.6231640000000002
validation=0.677401
[statistics]
Output=2448
CostParameter=184
CostAdd=4
CostMultiply=0
CostMultiplyAdd=182
CostDivision=2
CostExp=2
CostIf=5824
