[result]
best_epoch=300
best_validation=0.203858
complete=1
cost_multiply_add=116262
epoch=300
max_epoch=300
schedule=0
structure_expectation_of_log_myu=-1.626527492075312
structure_expectation_of_log_sigma=0.04029747601618561
training=0.116703
validation=0.203858
[statistics]
Output=13563
CostParameter=1166
CostAdd=5492
CostMultiply=784
CostMultiplyAdd=116262
CostDivision=2
CostExp=2
CostIf=8619
