[result]
best_epoch=260
best_validation=0.370132
complete=1
cost_multiply_add=14224
epoch=300
max_epoch=300
schedule=0
structure_expectation_of_log_myu=-1.568167933125101
structure_expectation_of_log_sigma=0.011270044804334268
training=0.281558
validation=0.404659
[statistics]
Output=12997
CostParameter=914
CostAdd=5044
CostMultiply=784
CostMultiplyAdd=14224
CostDivision=2
CostExp=2
CostIf=4032
