[result]
best_epoch=120
best_validation=0.6977100000000002
complete=1
cost_multiply_add=176
epoch=300
max_epoch=300
schedule=0
structure_expectation_of_log_myu=-0.749576010075488
structure_expectation_of_log_sigma=0.013882827643512232
training=0.63937
validation=0.714421
[statistics]
Output=2445
CostParameter=178
CostAdd=4
CostMultiply=0
CostMultiplyAdd=176
CostDivision=2
CostExp=2
CostIf=8624
