[result]
best_epoch=170
best_validation=0.401576
complete=1
cost_multiply_add=13254
epoch=300
max_epoch=300
schedule=0
structure_expectation_of_log_myu=-1.434057100476855
structure_expectation_of_log_sigma=0.02175353901481065
training=0.298583
validation=0.451697
[statistics]
Output=12704
CostParameter=798
CostAdd=4922
CostMultiply=729
CostMultiplyAdd=13254
CostDivision=2
CostExp=2
CostIf=3510
