[result]
best_epoch=90
best_validation=0.107943
complete=1
cost_multiply_add=3767808
epoch=100
max_epoch=100
schedule=0
training=0.023576
validation=0.122831
[statistics]
Output=51171
CostParameter=44953
CostAdd=35954
CostMultiply=0
CostMultiplyAdd=3767808
CostDivision=25
CostExp=25
CostIf=64320
