[result]
best_epoch=290
best_validation=0.223717
complete=1
cost_multiply_add=141480
epoch=300
max_epoch=300
schedule=0
structure_expectation_of_log_myu=-1.474027473668388
structure_expectation_of_log_sigma=0.02166687307527717
training=0.113767
validation=0.227478
[statistics]
Output=12797
CostParameter=1322
CostAdd=9364
CostMultiply=0
CostMultiplyAdd=141480
CostDivision=2
CostExp=2
CostIf=9180
