[result]
best_epoch=50
best_validation=0.046942
complete=1
cost_multiply_add=5308192
epoch=100
max_epoch=100
schedule=0
training=0.00788
validation=0.056765
[statistics]
Output=95475
CostParameter=185081
CostAdd=49202
CostMultiply=0
CostMultiplyAdd=5308192
CostDivision=25
CostExp=25
CostIf=216000
