[result]
best_epoch=230
best_validation=0.198894
complete=1
cost_multiply_add=74250
epoch=300
max_epoch=300
schedule=0
structure_expectation_of_log_myu=-1.678930224680927
structure_expectation_of_log_sigma=0.010532183013021084
training=0.12914
validation=0.248236
[statistics]
Output=17247
CostParameter=2332
CostAdd=7940
CostMultiply=784
CostMultiplyAdd=74250
CostDivision=2
CostExp=2
CostIf=10125
