[result]
best_epoch=230
best_validation=0.17596
complete=1
cost_multiply_add=114600
epoch=300
max_epoch=300
schedule=0
structure_expectation_of_log_myu=-1.673865157863653
structure_expectation_of_log_sigma=0.007965891593724286
training=0.082283
validation=0.232849
[statistics]
Output=16797
CostParameter=2232
CostAdd=7640
CostMultiply=784
CostMultiplyAdd=114600
CostDivision=2
CostExp=2
CostIf=9450
