[result]
best_epoch=250
best_validation=0.175967
complete=1
cost_multiply_add=193770
epoch=300
max_epoch=300
schedule=0
structure_expectation_of_log_myu=-1.669343199567032
structure_expectation_of_log_sigma=0.007580912182771316
training=0.079911
validation=0.191535
[statistics]
Output=15807
CostParameter=1942
CostAdd=7060
CostMultiply=784
CostMultiplyAdd=193770
CostDivision=2
CostExp=2
CostIf=10985
