[result]
best_epoch=120
best_validation=0.407188
complete=1
cost_multiply_add=392
epoch=300
max_epoch=300
schedule=0
structure_expectation_of_log_myu=-1.386541799962106
structure_expectation_of_log_sigma=0.2935485470531817
training=0.3295950000000001
validation=0.454798
[statistics]
Output=2553
CostParameter=394
CostAdd=4
CostMultiply=0
CostMultiplyAdd=392
CostDivision=2
CostExp=2
CostIf=784
