[result]
best_epoch=70
best_validation=0.167856
complete=1
cost_multiply_add=775080
epoch=300
max_epoch=300
schedule=0
structure_expectation_of_log_myu=-1.874503331551107
structure_expectation_of_log_sigma=0.006990782768824564
training=0.03268200000000001
validation=0.188712
[statistics]
Output=32637
CostParameter=7762
CostAdd=18820
CostMultiply=784
CostMultiplyAdd=775080
CostDivision=2
CostExp=2
CostIf=57460
