[result]
best_epoch=230
best_validation=0.202449
complete=1
cost_multiply_add=193770
epoch=300
max_epoch=300
schedule=0
structure_expectation_of_log_myu=-1.712100886336937
structure_expectation_of_log_sigma=0.11587523759989994
training=0.087857
validation=0.254742
[statistics]
Output=15807
CostParameter=1942
CostAdd=7060
CostMultiply=784
CostMultiplyAdd=193770
CostDivision=2
CostExp=2
CostIf=14365
