[result]
best_epoch=3
best_validation=0.694467
complete=0
cost_multiply_add=48
epoch=125
max_epoch=300
schedule=0
structure_expectation_of_log_myu=-0.7557231447590174
structure_expectation_of_log_sigma=0.01970257957671628
training=0.6908840000000002
validation=0.695092
[statistics]
Output=2381
CostParameter=50
CostAdd=4
CostMultiply=0
CostMultiplyAdd=48
CostDivision=2
CostExp=2
CostIf=8568
