[result]
best_epoch=230
best_validation=0.411425
complete=1
cost_multiply_add=82080
epoch=300
max_epoch=300
schedule=0
structure_expectation_of_log_myu=-0.7557231447590174
structure_expectation_of_log_sigma=0.01970257957671628
training=0.316592
validation=0.455081
[statistics]
Output=13562
CostParameter=1217
CostAdd=10129
CostMultiply=0
CostMultiplyAdd=82080
CostDivision=2
CostExp=2
CostIf=9180
