[result]
best_epoch=290
best_validation=0.158614
complete=1
cost_multiply_add=82080
epoch=300
max_epoch=300
schedule=0
structure_expectation_of_log_myu=-1.501228763877829
structure_expectation_of_log_sigma=0.006084416757602258
training=0.13078
validation=0.175526
[statistics]
Output=13562
CostParameter=1217
CostAdd=10129
CostMultiply=0
CostMultiplyAdd=82080
CostDivision=2
CostExp=2
CostIf=9180
