[result]
best_epoch=230
best_validation=0.187486
complete=1
cost_multiply_add=148200
epoch=300
max_epoch=300
schedule=0
structure_expectation_of_log_myu=-1.813328737746606
structure_expectation_of_log_sigma=0.01759956234045235
training=0.054626
validation=0.268731
[statistics]
Output=23997
CostParameter=4362
CostAdd=12740
CostMultiply=784
CostMultiplyAdd=148200
CostDivision=2
CostExp=2
CostIf=27300
