[result]
best_epoch=80
best_validation=0.15176
complete=1
cost_multiply_add=1370688
epoch=300
max_epoch=300
schedule=0
structure_expectation_of_log_myu=-2.131791915648152
structure_expectation_of_log_sigma=0.02207056046615951
training=0.030377
validation=0.378116
[statistics]
Output=88325
CostParameter=25506
CostAdd=53828
CostMultiply=0
CostMultiplyAdd=1370688
CostDivision=2
CostExp=2
CostIf=213248
