[result]
best_epoch=230
best_validation=0.191411
complete=1
cost_multiply_add=35560
epoch=300
max_epoch=300
schedule=0
structure_expectation_of_log_myu=-1.644738199662749
structure_expectation_of_log_sigma=0.01665505268786526
training=0.104288
validation=0.233697
[statistics]
Output=17197
CostParameter=2282
CostAdd=7900
CostMultiply=784
CostMultiplyAdd=35560
CostDivision=2
CostExp=2
CostIf=10080
