[result]
best_epoch=70
best_validation=0.110557
complete=1
cost_multiply_add=1105152
epoch=100
max_epoch=100
schedule=0
training=0.069294
validation=0.125527
[statistics]
Output=26787
CostParameter=17881
CostAdd=18002
CostMultiply=0
CostMultiplyAdd=1105152
CostDivision=25
CostExp=25
CostIf=32160
