[result]
best_epoch=260
best_validation=0.199785
complete=1
cost_multiply_add=193900
epoch=300
max_epoch=300
schedule=0
structure_expectation_of_log_myu=-1.680575186544024
structure_expectation_of_log_sigma=0.008647974717975304
training=0.087461
validation=0.239992
[statistics]
Output=15937
CostParameter=2072
CostAdd=7060
CostMultiply=784
CostMultiplyAdd=193900
CostDivision=2
CostExp=2
CostIf=8190
