[result]
best_epoch=300
best_validation=0.153075
complete=1
cost_multiply_add=387540
epoch=300
max_epoch=300
schedule=0
structure_expectation_of_log_myu=-1.693920442527845
structure_expectation_of_log_sigma=0.004434146027433566
training=0.03899600000000001
validation=0.153075
[statistics]
Output=21417
CostParameter=3882
CostAdd=10980
CostMultiply=784
CostMultiplyAdd=387540
CostDivision=2
CostExp=2
CostIf=21970
