[result]
best_epoch=230
best_validation=0.28757
complete=1
cost_multiply_add=11160
epoch=300
max_epoch=300
schedule=0
structure_expectation_of_log_myu=-1.235915650870541
structure_expectation_of_log_sigma=0.02303062900169692
training=0.258885
validation=0.358572
[statistics]
Output=13197
CostParameter=974
CostAdd=5180
CostMultiply=784
CostMultiplyAdd=11160
CostDivision=2
CostExp=2
CostIf=4320
