[result]
best_epoch=180
best_validation=0.190762
complete=1
cost_multiply_add=387540
epoch=300
max_epoch=300
schedule=0
structure_expectation_of_log_myu=-1.849596550992699
structure_expectation_of_log_sigma=0.06213378883609582
training=0.059869
validation=0.244856
[statistics]
Output=21417
CostParameter=3882
CostAdd=10980
CostMultiply=784
CostMultiplyAdd=387540
CostDivision=2
CostExp=2
CostIf=28730
