[result]
best_epoch=300
best_validation=0.235781
complete=1
cost_multiply_add=34020
epoch=300
max_epoch=300
schedule=0
structure_expectation_of_log_myu=-1.52229262151276
structure_expectation_of_log_sigma=0.05450125840830224
training=0.230593
validation=0.235781
[statistics]
Output=14537
CostParameter=1322
CostAdd=10924
CostMultiply=0
CostMultiplyAdd=34020
CostDivision=2
CostExp=2
CostIf=10710
