[result]
best_epoch=100
best_validation=0.045864
complete=1
cost_multiply_add=15016000
epoch=100
max_epoch=100
schedule=0
training=0.007778
validation=0.045864
[statistics]
Output=165299
CostParameter=289241
CostAdd=82994
CostMultiply=0
CostMultiplyAdd=15016000
CostDivision=25
CostExp=25
CostIf=396160
