[result]
best_epoch=230
best_validation=0.28416
complete=1
cost_multiply_add=13230
epoch=300
max_epoch=300
schedule=0
structure_expectation_of_log_myu=-1.625725392879942
structure_expectation_of_log_sigma=0.0652188290935511
training=0.245349
validation=0.293072
[statistics]
Output=15587
CostParameter=1502
CostAdd=11764
CostMultiply=0
CostMultiplyAdd=13230
CostDivision=2
CostExp=2
CostIf=12495
