[result]
best_epoch=70
best_validation=0.093555
complete=1
cost_multiply_add=2241792
epoch=100
max_epoch=100
schedule=0
training=0.040847
validation=0.108539
[statistics]
Output=38979
CostParameter=30265
CostAdd=26978
CostMultiply=0
CostMultiplyAdd=2241792
CostDivision=25
CostExp=25
CostIf=48240
