[result]
best_epoch=270
best_validation=0.20635
complete=1
cost_multiply_add=21336
epoch=300
max_epoch=300
schedule=0
structure_expectation_of_log_myu=-1.612049438397223
structure_expectation_of_log_sigma=0.012629450550125036
training=0.165361
validation=0.294284
[statistics]
Output=14397
CostParameter=1370
CostAdd=5996
CostMultiply=784
CostMultiplyAdd=21336
CostDivision=2
CostExp=2
CostIf=6048
