[result]
best_epoch=280
best_validation=0.205539
complete=1
cost_multiply_add=51660
epoch=300
max_epoch=300
schedule=0
structure_expectation_of_log_myu=-1.68650276336692
structure_expectation_of_log_sigma=0.06693324836318656
training=0.171817
validation=0.208873
[statistics]
Output=13697
CostParameter=1352
CostAdd=10084
CostMultiply=0
CostMultiplyAdd=51660
CostDivision=2
CostExp=2
CostIf=10710
