[result]
best_epoch=20
best_validation=0.290614
complete=0
cost_multiply_add=1627692
epoch=23
max_epoch=300
schedule=0
structure_expectation_of_log_myu=-1.983590773122728
structure_expectation_of_log_sigma=0.02586177478754551
training=0.178654
validation=0.290614
[statistics]
Output=103121
CostParameter=30288
CostAdd=63920
CostMultiply=0
CostMultiplyAdd=1627692
CostDivision=2
CostExp=2
CostIf=253232
