[result]
best_epoch=140
best_validation=0.15641
complete=1
cost_multiply_add=228920
epoch=300
max_epoch=300
schedule=0
structure_expectation_of_log_myu=-1.79359299375923
structure_expectation_of_log_sigma=0.015068118845599716
training=0.045178
validation=0.215869
[statistics]
Output=23117
CostParameter=4182
CostAdd=12140
CostMultiply=784
CostMultiplyAdd=228920
CostDivision=2
CostExp=2
CostIf=25480
