[result]
best_epoch=90
best_validation=0.084401
complete=1
cost_multiply_add=1474448
epoch=100
max_epoch=100
schedule=0
training=0.028661
validation=0.095238
[statistics]
Output=49299
CostParameter=91401
CostAdd=24626
CostMultiply=0
CostMultiplyAdd=1474448
CostDivision=25
CostExp=25
CostIf=108000
