[result]
best_epoch=290
best_validation=0.323304
complete=1
cost_multiply_add=14112
epoch=300
max_epoch=300
schedule=0
structure_expectation_of_log_myu=-1.292507827056616
structure_expectation_of_log_sigma=0.00619983205397126
training=0.251661
validation=0.344392
[statistics]
Output=16469
CostParameter=1602
CostAdd=12548
CostMultiply=0
CostMultiplyAdd=14112
CostDivision=2
CostExp=2
CostIf=13328
